0 0.566250 0.812500 0.254167 0.295000
0 0.875417 0.805625 0.249167 0.283750
0 0.792917 0.908750 0.340833 0.175000
0 0.252500 0.935625 0.300000 0.123750
0 0.230000 0.786875 0.231667 0.321250
0 0.424583 0.676875 0.167500 0.218750
0 0.123750 0.596250 0.152500 0.177500
0 0.343750 0.579375 0.164167 0.183750
0 0.627917 0.616250 0.170833 0.167500
0 0.816667 0.590625 0.191667 0.168750
0 0.648750 0.520000 0.147500 0.152500
0 0.556250 0.453125 0.125833 0.136250
0 0.440000 0.506875 0.110000 0.123750
0 0.508750 0.548750 0.140833 0.162500
0 0.375833 0.455000 0.105000 0.122500
0 0.451667 0.410000 0.095000 0.097500
0 0.246250 0.496875 0.115833 0.128750
0 0.176667 0.435625 0.100000 0.116250
0 0.063750 0.467500 0.102500 0.122500
0 0.302917 0.415625 0.089167 0.096250
