0 0.694375 0.692675 0.211250 0.232484
0 0.845625 0.592357 0.073750 0.210191
0 0.719375 0.506369 0.081250 0.171975
0 0.572500 0.477707 0.107500 0.133758
0 0.464375 0.372611 0.093750 0.108280
0 0.100000 0.471338 0.095000 0.101911
1 0.595625 0.848726 0.031250 0.289809
1 0.569375 0.770701 0.038750 0.292994
1 0.528750 0.804140 0.047500 0.328025
1 0.475625 0.831210 0.036250 0.286624
1 0.740625 0.909236 0.063750 0.143312
1 0.940000 0.893312 0.045000 0.200637
1 0.890000 0.681529 0.032500 0.261146
1 0.856875 0.664013 0.033750 0.181529
1 0.735000 0.538217 0.022500 0.146497
1 0.276250 0.886943 0.077500 0.219745
1 0.129375 0.738854 0.106250 0.254777
1 0.225625 0.679936 0.028750 0.238854
1 0.400000 0.902866 0.047500 0.162420
1 0.383125 0.839172 0.041250 0.149682
1 0.377500 0.683121 0.032500 0.136943
1 0.350625 0.753185 0.023750 0.283439
1 0.315625 0.761146 0.026250 0.273885
1 0.563750 0.544586 0.022500 0.203822
1 0.773125 0.474522 0.016250 0.140127
