2 0.288462 0.836538 0.461538 0.302885
2 0.643029 0.628606 0.348558 0.262019
2 0.915865 0.804087 0.168269 0.156250
2 0.902644 0.475962 0.141827 0.129808
2 0.711538 0.425481 0.177885 0.091346
2 0.323317 0.448317 0.430288 0.233173
2 0.591346 0.354567 0.149038 0.069712
2 0.512019 0.284856 0.197115 0.103365
2 0.356971 0.341346 0.074519 0.062500
2 0.207933 0.322115 0.117788 0.072115
2 0.283654 0.268029 0.100962 0.055288
2 0.241587 0.201923 0.204327 0.096154
2 0.427885 0.216346 0.110577 0.062500
2 0.664663 0.206731 0.170673 0.062500
2 0.361779 0.149038 0.271635 0.072115
2 0.611779 0.115385 0.180288 0.067308
2 0.736779 0.152644 0.132212 0.064904
